id,predict_0,predict_1,predict_2
2,0.72117908632174,0.278745755707459,7.51579708004349e-05
3,0.621791891732787,0.342918705762972,0.0352894025042407
4,0.900503539157871,0.0949925520800306,0.00450390876209817
7,0.455466114510058,0.444277365366638,0.100256520123305
9,0.278949586778133,0.432753495160727,0.28829691806114
10,0.822358051273506,0.147736778053715,0.0299051706727786
11,0.735097859080538,0.264839816189817,6.23247296454772e-05
12,0.828929544847419,0.165919467639315,0.00515098751326626
14,0.510528812375745,0.483513152175747,0.00595803544850812
15,0.899830188930313,0.100106401004741,6.34100649457651e-05
16,0.516550603322644,0.446840579553027,0.0366088171243295
17,0.625155319438964,0.301666128717066,0.0731785518439695
18,0.97620926383554,0.0237471558082475,4.35803562129777e-05
21,0.192806923753665,0.652549937739567,0.154643138506767
22,0.824494684706826,0.175443189645285,6.2125647888854e-05
25,0.605595612268081,0.378605519452538,0.0157988682793815
30,0.865972297189925,0.133964210821592,6.3491988483114e-05
32,0.771892454347003,0.227939338085923,0.000168207567073892
34,0.452169890819762,0.240507569209454,0.307322539970784
35,0.496769900848884,0.45753432974742,0.0456957694036955
36,0.840533466379928,0.159402094874393,6.44387456792593e-05
37,0.828929544847419,0.165919467639315,0.00515098751326626
39,0.700099284633934,0.266173759587644,0.0337269557784219
40,0.441946185977398,0.361000296168402,0.1970535178542
41,0.696061637045531,0.303875886616338,6.24763381309231e-05
42,0.291738532708582,0.672953363091271,0.0353081042001466
45,0.278673572041775,0.304099428980948,0.417226998977277
46,0.81563522471428,0.184301652980349,6.31223053707677e-05
47,0.688062928717743,0.228521457481402,0.0834156138008548
48,0.305461593694185,0.162844791076987,0.531693615228828
50,0.385587578177791,0.529080601390771,0.0853318204314385
51,0.286313104138175,0.677885533020144,0.0358013628416805
52,0.953153709844256,0.0467836521955904,6.26379601533494e-05
56,0.613470695003042,0.384954036743067,0.00157526825389109
58,0.534925820025482,0.459851654809909,0.00522252516460974
62,0.926911335936165,0.0730443054835672,4.43585802681168e-05
63,0.976386202763736,0.0235638232442476,4.99739920163028e-05
65,0.271014632025156,0.295373390230661,0.433611977744183
66,0.279113303058043,0.28928143732993,0.431605259612028
70,0.318520174127642,0.186441788657856,0.495038037214502
71,0.822358051273506,0.147736778053715,0.0299051706727786
72,0.439823040987364,0.369152291646841,0.191024667365796
73,0.944894702015452,0.0543415851494685,0.000763712835079336
74,0.731210285641348,0.268725139977003,6.45743816491651e-05
76,0.665216587017114,0.334720097448861,6.33155340248116e-05
77,0.588006616077248,0.269424668699305,0.142568715223447
78,0.308728913342113,0.217746213677447,0.473524872980439
82,0.432726848782267,0.529947114021997,0.0373260371957353
85,0.319071989934818,0.178372762515555,0.502555247549627
86,0.941524796342189,0.0584115425825266,6.36610752846114e-05
87,0.627104083274644,0.337619912585211,0.0352760041401453
95,0.960344163676121,0.039593293042835,6.25432810444088e-05
96,0.33145280915928,0.171097297152964,0.497449893687756
97,0.698137225539085,0.216362192451726,0.0855005820091887
98,0.941524796342189,0.0584115425825266,6.36610752846114e-05
100,0.700099284633934,0.266173759587644,0.0337269557784219
101,0.811663966174631,0.188166929717188,0.000169104108181101
102,0.905394791191436,0.0945418113004104,6.33975081531781e-05
103,0.490716275281458,0.503217550444284,0.00606617427425757
106,0.649861097566732,0.235997366492789,0.11414153594048
108,0.646671295164816,0.353265556798902,6.31480362818497e-05
109,0.828929544847419,0.165919467639315,0.00515098751326626
110,0.828929544847419,0.165919467639315,0.00515098751326626
113,0.304131505540524,0.301932015778187,0.393936478681289
114,0.791652306765053,0.203818645607383,0.0045290476275649
116,0.667957722117062,0.297883216929015,0.0341590609539236
117,0.593819058234909,0.37091921945923,0.0352617223058619
118,0.54217903448229,0.414225102268272,0.0435958632494377
121,0.938086263367077,0.0610566306130297,0.000857106019892979
122,0.914468103456486,0.0599413802251759,0.0255905163183378
123,0.736539253200811,0.255305408466643,0.00815533833254637
124,0.928105041184403,0.0718330688853353,6.18899302616239e-05
126,0.5782212659981,0.420638484809332,0.00114024919256777
127,0.837011169563682,0.148293179550174,0.0146956508861442
128,0.720080083218113,0.273455728578382,0.00646418820350492
133,0.496653845227621,0.458557108322015,0.0447890464503634
136,0.397617725969375,0.383709300766413,0.218672973264213
137,0.744890420187513,0.25504676847548,6.28113370068973e-05
140,0.760926725532744,0.226859565019164,0.0122137094480916
141,0.471743643474287,0.528140115600717,0.000116240924995356
143,0.625920669619032,0.283674706540962,0.0904046238400067
144,0.948531042288142,0.050798041660501,0.000670916051356683
145,0.284235735313571,0.152763693930264,0.563000570756165
147,0.320151974383925,0.185452188848122,0.494395836767953
148,0.591058341681706,0.406827456109013,0.00211420220928054
150,0.393590446534163,0.57626624044668,0.0301433130191571
151,0.66007852637994,0.232324105118101,0.107597368501959
153,0.850943846356422,0.134004942679688,0.01505121096389
155,0.948288383163811,0.0509485745550128,0.00076304228117621
156,0.791652306765053,0.203818645607383,0.0045290476275649
160,0.346790466434388,0.578499376303607,0.0747101572620046
163,0.278673572041775,0.304099428980948,0.417226998977277
164,0.666288150640301,0.327734011114717,0.00597783824498181
165,0.536249948946049,0.438648419002944,0.0251016320510072
166,0.915905539557145,0.0840170733351481,7.73871077066392e-05
167,0.617384749680289,0.272993015068688,0.109622235251023
168,0.840533466379928,0.159402094874393,6.44387456792593e-05
169,0.901377042230375,0.0846212669607415,0.0140016908088837
170,0.304531683542662,0.161951149271309,0.533517167186028
171,0.665216587017114,0.334720097448861,6.33155340248116e-05
172,0.296374012463324,0.168204710355581,0.535421277181095
173,0.404276023787725,0.587321070028348,0.00840290618392717
174,0.397272049129282,0.46578211631671,0.136945834554008
175,0.808419204338457,0.160459734511364,0.0311210611501793
176,0.281685670428022,0.29532008938788,0.422994240184098
180,0.791652306765053,0.203818645607383,0.0045290476275649
181,0.286274607174477,0.153784217007074,0.559941175818448
182,0.454780903973298,0.510725672133276,0.0344934238934268
185,0.688216347407207,0.309802382999683,0.00198126959310974
186,0.585520012525542,0.361165388388612,0.0533145990858466
187,0.657270936900411,0.267338469509831,0.0753905935897572
189,0.270466051837057,0.69123868764166,0.0382952605212834
192,0.454780903973298,0.510725672133276,0.0344934238934268
194,0.950178417598107,0.0490841716145846,0.000737410787308328
195,0.828929544847419,0.165919467639315,0.00515098751326626
197,0.942970195266093,0.0562645075803394,0.000765297153567891
198,0.816715548232515,0.182680295766726,0.000604156000759038
201,0.967266340825367,0.0326711081391104,6.25510355227731e-05
202,0.891007350385709,0.0947683200389827,0.0142243295753078
203,0.701783292907726,0.202282848517865,0.0959338585744085
205,0.829051043542645,0.169747851156074,0.00120110530128058
208,0.623158922343912,0.347306911891284,0.0295341657648043
209,0.646671295164816,0.353265556798902,6.31480362818497e-05
210,0.378262845166061,0.444063224746134,0.177673930087805
211,0.661667363065813,0.233542899390476,0.104789737543711
214,0.746873363126812,0.227258524722392,0.0258681121507968
215,0.338586049192659,0.214573842965856,0.446840107841484
216,0.51664363710495,0.447175513287908,0.0361808496071415
218,0.267141512644556,0.686518423866475,0.0463400634889681
219,0.619630624747537,0.259366516573119,0.121002858679344
220,0.496769900848884,0.45753432974742,0.0456957694036955
222,0.359792428261065,0.538233345431714,0.101974226307221
224,0.319643950361387,0.518087713865418,0.162268335773195
226,0.694273311312467,0.273058661606587,0.0326680270809462
228,0.362712801353158,0.492202325562604,0.145084873084239
229,0.296324687414505,0.123335022586465,0.58034028999903
230,0.806671874875974,0.193159230414137,0.000168894709889368
231,0.786043675653347,0.213278953110428,0.000677371236225157
232,0.905394791191436,0.0945418113004104,6.33975081531781e-05
233,0.971766661691778,0.0281837220470071,4.96162612147218e-05
235,0.954041379222008,0.0458969045806616,6.17161973307421e-05
236,0.959083097120396,0.0408535256095479,6.33772700558089e-05
237,0.666494411745213,0.256983547302447,0.0765220409523395
241,0.870355382401711,0.12958121744277,6.34001555185885e-05
244,0.791652306765053,0.203818645607383,0.0045290476275649
245,0.701035024323051,0.297992318825338,0.000972656851611546
246,0.545807471110201,0.419032528015123,0.0351600008746764
249,0.773941250579759,0.225995222258475,6.35271617661905e-05
250,0.454278446980875,0.456540345392243,0.0891812076268827
252,0.517279883325422,0.446194105289331,0.0365260113852467
253,0.250687281000442,0.134584747538068,0.61472797146149
254,0.618786520839345,0.231542172283535,0.14967130687712
255,0.658596752462483,0.334386402831995,0.00701684470552154
258,0.620964760460005,0.294244446948744,0.0847907925912511
261,0.400047560993539,0.464780233085313,0.135172205921148
264,0.0924380580466436,0.322488956111902,0.585072985841454
267,0.337995165758741,0.513428780081602,0.148576054159658
268,0.52267612629911,0.437234925748491,0.0400889479523999
271,0.484417231580203,0.478234751504394,0.0373480169154038
273,0.988086320431277,0.0118878626742288,2.58168944945973e-05
276,0.950193926034776,0.0496909678019898,0.000115106163234572
277,0.850078314787661,0.149843894365457,7.77908468815318e-05
278,0.887014944767731,0.112816789958614,0.000168265273654774
280,0.964806912812889,0.0350495536981312,0.000143533488980016
281,0.882627488179914,0.11731084010306,6.16717170254125e-05
282,0.688286678395337,0.229641010342283,0.0820723112623807
283,0.256044533739205,0.495758970739078,0.248196495521717
285,0.566260220753312,0.432407318587885,0.00133246065880261
286,0.822012781074249,0.147660543629846,0.0303266752959048
287,0.561443957652788,0.39987758534669,0.0386784570005216
288,0.926656222802621,0.0599491063102604,0.0133946708871182
289,0.942970195266093,0.0562645075803394,0.000765297153567891
291,0.260646481869402,0.108481313990689,0.630872204139909
294,0.407213293813944,0.398081209644659,0.194705496541396
298,0.5990003888526,0.302447919347999,0.0985516917994012
301,0.773783204192408,0.173467998813928,0.0527487969936638
303,0.960350007607291,0.0395875387952784,6.2453597430344e-05
304,0.910762181152914,0.0891745175141466,6.33013329391725e-05
305,0.465982356632916,0.490568657833473,0.0434489855336106
307,0.299007635998093,0.356813141547283,0.344179222454624
308,0.41592328610722,0.316002435536534,0.268074278356247
309,0.305312103675849,0.243310702770874,0.451377193553277
310,0.358203413029589,0.487086793593607,0.154709793376804
311,0.71997978420134,0.258049287617056,0.0219709281816047
312,0.313567519442385,0.420477338688471,0.265955141869144
314,0.903388277439661,0.096548228459927,6.34941004118566e-05
316,0.674872929070621,0.263383323890906,0.0617437470384734
318,0.905394791191436,0.0945418113004104,6.33975081531781e-05
322,0.324668989602549,0.46553457599513,0.209796434402321
324,0.885011720261089,0.101543676351296,0.0134446033876154
325,0.34398771272483,0.133060148131834,0.522952139143336
326,0.802138800942359,0.197797492926319,6.37061313224935e-05
328,0.791652306765053,0.203818645607383,0.0045290476275649
329,0.359574743425321,0.348456031885861,0.291969224688817
330,0.713085555058068,0.286851909297626,6.25356443055695e-05
331,0.953993414019972,0.0459431788493949,6.34071306333111e-05
332,0.960967322215929,0.038969299651889,6.3378132181588e-05
333,0.291738532708582,0.672953363091271,0.0353081042001466
335,0.870355382401711,0.12958121744277,6.34001555185885e-05
336,0.724730310644112,0.246631380499936,0.0286383088559516
337,0.435950891980321,0.530084361545757,0.0339647464739218
340,0.285170234519505,0.115592028708211,0.599237736772284
342,0.283868551131674,0.150398096217101,0.565733352651225
344,0.984737441022477,0.01523481283247,2.77461450532035e-05
346,0.813074045850397,0.156823715860315,0.0301022382892877
347,0.785609516026644,0.21178755555047,0.00260292842288548
349,0.888545113252327,0.111390527133038,6.43596146356195e-05
351,0.769550842651811,0.230384988965833,6.41683823557534e-05
352,0.967788432812911,0.0321678756129433,4.36915741456487e-05
353,0.975249178534462,0.024706360642376,4.44608231617633e-05
354,0.693496626975922,0.306440197784202,6.3175239876175e-05
356,0.832470174870096,0.166512802745037,0.00101702238486665
359,0.517279883325422,0.446194105289331,0.0365260113852467
361,0.862943391622925,0.136992566044037,6.40423330379893e-05
362,0.646671295164816,0.353265556798902,6.31480362818497e-05
365,0.722096495001735,0.193822555825652,0.0840809491726134
366,0.708546218892093,0.263796902818514,0.0276568782893931
367,0.291738532708582,0.672953363091271,0.0353081042001466
368,0.696061637045531,0.303875886616338,6.24763381309231e-05
369,0.438694752656689,0.527352383731858,0.0339528636114535
370,0.646671295164816,0.353265556798902,6.31480362818497e-05
372,0.59296573511928,0.325153405109809,0.0818808597709107
374,0.719949412504536,0.279987962051825,6.26254436393466e-05
375,0.428867549982563,0.300284141818806,0.270848308198631
376,0.320794212508719,0.176551909556324,0.502653877934957
378,0.334537056150005,0.526712786599956,0.138750157250039
380,0.898496518866283,0.101442795758938,6.06853747790527e-05
382,0.840533466379928,0.159402094874393,6.44387456792593e-05
383,0.826032171486483,0.170853635458059,0.00311419305545781
384,0.624259283827818,0.375677656096128,6.30600760548492e-05
386,0.27991711205632,0.115302469734822,0.604780418208858
388,0.957277030018686,0.0426787187788809,4.42512024328374e-05
389,0.655588043468279,0.231852253792209,0.112559702739512
390,0.870355382401711,0.12958121744277,6.34001555185885e-05
393,0.506668295875174,0.387770827599273,0.105560876525553
394,0.497024016493791,0.319050880692479,0.18392510281373
395,0.457071783493779,0.371384537836196,0.171543678670025
396,0.321700925663913,0.183022090434256,0.495276983901831
398,0.599036530391181,0.376467912292645,0.024495557316174
399,0.430036438766943,0.423014604006054,0.146948957227003
401,0.880302838437849,0.0912656927600598,0.0284314688020917
402,0.803651746414142,0.191654528006664,0.00469372557919356
404,0.954572486530958,0.0445251483012826,0.000902365167759734
405,0.953493837017513,0.0464427490604337,6.34139220534171e-05
407,0.64854315562353,0.349896410229026,0.00156043414744433
410,0.891983480492721,0.107953005944115,6.35135631636231e-05
414,0.32704576830756,0.628316497873766,0.0446377338186734
416,0.387983769298816,0.44618140780833,0.165834822892854
418,0.96985264163624,0.0301031081031182,4.42502606422633e-05
419,0.338325101748089,0.307438705371088,0.354236192880823
422,0.811317249261598,0.188514461835071,0.000168288903330606
423,0.722331278141338,0.20479002359998,0.0728786982586815
425,0.862943391622925,0.136992566044037,6.40423330379893e-05
426,0.821886866771722,0.178051518124679,6.16151035988452e-05
427,0.964806912812889,0.0350495536981312,0.000143533488980016
428,0.291882061669706,0.680610053709008,0.0275078846212864
431,0.791652306765053,0.203818645607383,0.0045290476275649
433,0.804981309627022,0.194235776738578,0.000782913634399764
434,0.930043763317932,0.0698935612053743,6.26754766941286e-05
435,0.745544065597403,0.254392867291391,6.30671112059829e-05
436,0.880592263708444,0.119344302571568,6.34337199875547e-05
440,0.688216347407207,0.309802382999683,0.00198126959310974
441,0.241614617236175,0.124250398558828,0.634134984204997
442,0.794409068192556,0.191600429649921,0.0139905021575231
443,0.846226824084304,0.153045086721617,0.00072808919407877
445,0.352824084954863,0.50408119727225,0.143094717772888
448,0.273224705897149,0.124074621207746,0.602700672895105
451,0.388791654373016,0.578250242143189,0.0329581034837956
454,0.646433677563404,0.248795134652638,0.104771187783958
456,0.950407937380164,0.0489499128778512,0.000642149741984591
457,0.351088095351573,0.188465407499559,0.460446497148868
458,0.443264338005361,0.161221443209859,0.395514218784781
459,0.911432153935713,0.0885044407322982,6.34053319889485e-05
460,0.30019788900262,0.281332177685648,0.418469933311732
461,0.369202485692127,0.404060918782565,0.226736595525308
463,0.745544065597403,0.254392867291391,6.30671112059829e-05
464,0.593797426005713,0.264046008806125,0.142156565188162
467,0.304725675792951,0.10579257611178,0.58948174809527
468,0.847555886497888,0.152380121651112,6.39918510003165e-05
471,0.557117250166775,0.407649384904684,0.0352333649285403
473,0.308394253091059,0.180923207095979,0.510682539812962
475,0.849703340279643,0.141654425934872,0.00864223378548462
476,0.271205555929938,0.131710549429993,0.59708389464007
478,0.272380267705363,0.28889609775738,0.438723634537257
481,0.394237568265925,0.39893953644327,0.206822895290805
482,0.764065580786274,0.2311911773237,0.00474324189002597
483,0.646671295164816,0.353265556798902,6.31480362818497e-05
485,0.931499439525478,0.0489799187964513,0.0195206416780712
490,0.976574726492862,0.0233756861738541,4.95873332841415e-05
493,0.903425916371179,0.0965106791107098,6.34045181116737e-05
494,0.856526403547143,0.140440120900744,0.00303347555211296
508,0.545438657056552,0.420296922155066,0.0342644207883812
509,0.747055370849706,0.219159333051395,0.0337852960988983
510,0.912890461581193,0.0735716432135015,0.0135378952053053
511,0.953439737692522,0.0464968785323235,6.33837751548089e-05
512,0.646671295164816,0.353265556798902,6.31480362818497e-05
513,0.30923096658181,0.287702965631735,0.403066067786455
514,0.624259283827818,0.375677656096128,6.30600760548492e-05
516,0.944472314686079,0.0554640255747383,6.36597391823326e-05
517,0.435260889134637,0.224375838268999,0.340363272596363
518,0.706897553259608,0.290698938502641,0.00240350823775101
520,0.338706853249725,0.383523035843395,0.27777011090688
521,0.748744898375647,0.251193267339021,6.18342853322871e-05
522,0.767204196494827,0.224888580928874,0.00790722257629876
523,0.418788354438095,0.435680710303643,0.145530935258261
524,0.742491247586786,0.257446267596977,6.24848162367694e-05
525,0.351216908197434,0.609094164681974,0.039688927120592
526,0.293250143989454,0.619628337334496,0.0871215186760498
527,0.705292193484086,0.21404535544421,0.0806624510717033
528,0.411327164681147,0.369239924956211,0.219432910362642
529,0.764992116056013,0.20474531008011,0.030262573863877
530,0.333408659320982,0.353319951196659,0.31327138948236
531,0.978423267826333,0.0215283142897931,4.84178838735586e-05
534,0.471743643474287,0.528140115600717,0.000116240924995356
535,0.303718626866362,0.660410984075555,0.0358703890580834
536,0.928562726266442,0.0713736819982548,6.35917353029716e-05
537,0.370225359791905,0.582765181369364,0.0470094588387314
538,0.686667552687217,0.281608533667811,0.0317239136449716
539,0.351953170028306,0.13367694621395,0.514369883757744
540,0.914056465297332,0.0601420948227684,0.0258014398799001
542,0.407623731557982,0.586797150904332,0.00557911753768563
545,0.502058897057478,0.483515239298993,0.0144258636435293
546,0.4548012146773,0.510861361574831,0.034337423747869
547,0.953586304522001,0.0463503094713758,6.3386006623688e-05
548,0.646671295164816,0.353265556798902,6.31480362818497e-05
551,0.956898924768749,0.0429707491964583,0.000130326034793094
554,0.379047220746119,0.467086267244088,0.153866512009793
556,0.582411233549182,0.332937870704355,0.0846508957464636
557,0.692912457030141,0.307024517008813,6.3025961046872e-05
559,0.948776527753417,0.0502922564397511,0.000931215806831578
560,0.533447442098232,0.249576843833232,0.216975714068536
562,0.964602250954223,0.0353534112634641,4.43377823124438e-05
563,0.266629852291981,0.249269804027361,0.484100343680659
564,0.925616155975764,0.0626411227766518,0.0117427212475839
565,0.500011707062577,0.448779445590368,0.0512088473470551
566,0.317046273759526,0.189008748178642,0.493944978061831
567,0.285446681408723,0.125204985474291,0.589348333116986
568,0.428261901794683,0.541359591429416,0.0303785067759011
571,0.307539193644803,0.596828127796737,0.0956326785584597
572,0.870355382401711,0.12958121744277,6.34001555185885e-05
573,0.845851927519813,0.154085988098018,6.20843821691655e-05
574,0.85246264275652,0.133214871689697,0.0143224855537837
577,0.899875206924633,0.0999929103844697,0.000131882690897648
578,0.680611549197121,0.287048082052473,0.032340368750406
579,0.960377862024541,0.0395611444584628,6.09935169960593e-05
582,0.277445826863557,0.297820152996193,0.42473402014025
584,0.498583359171481,0.454603607251183,0.0468130335773356
586,0.530215372859306,0.42359542566518,0.046189201475514
587,0.299403233847456,0.368923364106606,0.331673402045938
589,0.467141508490078,0.446284036468172,0.0865744550417496
590,0.57496184803112,0.346371643595295,0.0786665083735851
591,0.968115902964106,0.0318397724702043,4.43245656898373e-05
592,0.205236995782303,0.137895718897923,0.656867285319774
593,0.36354000383528,0.533163528398835,0.103296467765885
595,0.357960798162673,0.39627566616586,0.245763535671467
596,0.795112050465459,0.171438181066698,0.0334497684678438
597,0.463786407883459,0.501861840086458,0.0343517520300829
598,0.876693577191822,0.12324503175385,6.13910543285375e-05
600,0.904227536316586,0.0956237802951142,0.000148683388299847
602,0.730864872941554,0.193397397942254,0.0757377291161914
606,0.28715373604045,0.263959382886056,0.448886881073494
607,0.854165058434772,0.134918729384211,0.0109162121810163
609,0.646671295164816,0.353265556798902,6.31480362818497e-05
610,0.371442179107056,0.579207748074022,0.0493500728189216
611,0.432017928640174,0.533556817921879,0.0344252534379461
612,0.646671295164816,0.353265556798902,6.31480362818497e-05
613,0.880883718449361,0.119038883197917,7.73983527222283e-05
614,0.8642624296326,0.135674356990896,6.32133765042483e-05
617,0.533517548603296,0.38628843282565,0.0801940185710535
619,0.628633907211595,0.325374168738463,0.0459919240499426
620,0.232712727543746,0.111417628267484,0.65586964418877
621,0.721936249469422,0.246515823426791,0.0315479271037871
625,0.149652731734077,0.532701194327705,0.317646073938218
627,0.596966739581093,0.328395102697875,0.0746381577210316
628,0.725451270569283,0.186012856389546,0.0885358730411712
629,0.346535578566992,0.496252894556625,0.157211526876384
631,0.292172149015474,0.130011271699408,0.577816579285118
632,0.464668412507576,0.494711081718584,0.0406205057738405
633,0.944461412848812,0.0554749147027191,6.36724484690446e-05
635,0.481788603803852,0.292157441852292,0.226053954343856
639,0.467566821442934,0.52043768407946,0.0119954944776057
641,0.758383269764326,0.235872961033172,0.00574376920250136
642,0.451670717191871,0.524152526669741,0.024176756138388
643,0.279097086811861,0.132768062355005,0.588134850833134
644,0.880592263708444,0.119344302571568,6.34337199875547e-05
645,0.741526599689042,0.247756519449411,0.0107168808615477
647,0.269097616980535,0.297438319331785,0.43346406368768
648,0.842872043012134,0.157064437721761,6.3519266104741e-05
649,0.646671295164816,0.353265556798902,6.31480362818497e-05
650,0.516550603322644,0.446840579553027,0.0366088171243295
652,0.503616652623943,0.38774863051215,0.108634716863907
653,0.549545618236806,0.380212844876795,0.0702415368863989
654,0.454780903973298,0.510725672133276,0.0344934238934268
655,0.380048951684355,0.584505475779919,0.035445572535726
658,0.307075017162186,0.288945350408883,0.403979632428931
659,0.942970195266093,0.0562645075803394,0.000765297153567891
661,0.486528681864791,0.480016731550734,0.0334545865844753
664,0.330328166958784,0.142068354140185,0.527603478901031
666,0.688216347407207,0.309802382999683,0.00198126959310974
667,0.956739295362827,0.0431991669095404,6.1537727632479e-05
668,0.646671295164816,0.353265556798902,6.31480362818497e-05
669,0.840533466379928,0.159402094874393,6.44387456792593e-05
670,0.677574890577965,0.257294175096619,0.0651309343254167
671,0.942970195266093,0.0562645075803394,0.000765297153567891
672,0.646671295164816,0.353265556798902,6.31480362818497e-05
673,0.281685670428022,0.29532008938788,0.422994240184098
674,0.791652306765053,0.203818645607383,0.0045290476275649
675,0.282946084575044,0.299313068805487,0.417740846619469
676,0.399586015417466,0.544248370555992,0.0561656140265427
677,0.791652306765053,0.203818645607383,0.0045290476275649
685,0.527950618817864,0.325510733024811,0.146538648157324
686,0.822159167576701,0.147904588642086,0.0299362437812123
688,0.960967322215929,0.038969299651889,6.3378132181588e-05
689,0.434273147406742,0.323817305991445,0.241909546601813
690,0.454780903973298,0.510725672133276,0.0344934238934268
692,0.631449785441794,0.212848293860069,0.155701920698137
694,0.461156478716178,0.514669798013473,0.024173723270349
695,0.813122517624617,0.155975895888825,0.0309015864865583
696,0.282568815049897,0.292809264383445,0.424621920566658
697,0.357025085156575,0.195870666548643,0.447104248294782
699,0.39204623582422,0.473830747868274,0.134123016307506
700,0.465163400550618,0.500701210613336,0.0341353888360464
701,0.733829226197047,0.229916115349646,0.036254658453307
704,0.826032171486483,0.170853635458059,0.00311419305545781
705,0.820887966520186,0.165364379803683,0.0137476536761311
706,0.739515294455029,0.216618398160803,0.0438663073841679
707,0.750024074056692,0.249911798228853,6.41277144557682e-05
708,0.255882946232737,0.279894032485227,0.464223021282037
709,0.534863097957037,0.422927100531413,0.0422098015115501
710,0.271014632025156,0.295373390230661,0.433611977744183
711,0.667795557312053,0.308280778288651,0.0239236643992959
712,0.808478619107661,0.186382929583374,0.00513845130896459
713,0.684205492066619,0.31564824709613,0.000146260837250777
717,0.954572486530958,0.0445251483012826,0.000902365167759734
718,0.797860287935015,0.199661720498507,0.00247799156647769
719,0.352073285710442,0.148710931603519,0.499215782686039
723,0.62676692343254,0.371307726316509,0.00192535025095105
724,0.979740110873031,0.0202156817543039,4.42073726655121e-05
725,0.59978441413345,0.308896927259549,0.0913186586070005
726,0.803651746414142,0.191654528006664,0.00469372557919356
728,0.513246327230445,0.450561816158452,0.0361918566111036
729,0.324779240785296,0.630294664948734,0.0449260942659705
730,0.736060448834879,0.25447946968029,0.00946008148483068
735,0.860556554725722,0.139379536760549,6.39085137288862e-05
736,0.444277816327413,0.320643661076231,0.235078522596356
737,0.246662051484972,0.0970872059913024,0.656250742523725
738,0.791652306765053,0.203818645607383,0.0045290476275649
739,0.743541496822949,0.174532071123331,0.0819264320537191
743,0.516550603322644,0.446840579553027,0.0366088171243295
744,0.791652306765053,0.203818645607383,0.0045290476275649
746,0.543956937182099,0.419750105632992,0.0362929571849091
749,0.845540097027555,0.153002639721216,0.00145726325122873
750,0.457856700876584,0.443317597037628,0.0988257020857887
751,0.331095054645839,0.531372996537813,0.137531948816348
753,0.700099284633934,0.266173759587644,0.0337269557784219
754,0.454780903973298,0.510725672133276,0.0344934238934268
756,0.742747293362851,0.257189549311108,6.31573260402346e-05
757,0.885011720261089,0.101543676351296,0.0134446033876154
758,0.626256333122886,0.359669608819299,0.014074058057815
759,0.407137302420981,0.395984647118542,0.196878050460477
760,0.46933562904914,0.495993346865837,0.0346710240850226
761,0.400212835767844,0.533915825320002,0.0658713389121531
762,0.516550603322644,0.446840579553027,0.0366088171243295
763,0.745544065597403,0.254392867291391,6.30671112059829e-05
764,0.91255562467842,0.0769465882834658,0.0104977870381139
765,0.365289014543225,0.526993598320397,0.107717387136377
767,0.964806912812889,0.0350495536981312,0.000143533488980016
770,0.473650255510564,0.481919953746946,0.0444297907424895
771,0.400992918697944,0.133534856577925,0.465472224724131
773,0.442392185883951,0.426548838894175,0.131058975221874
774,0.885446391547179,0.114490156598935,6.34518538859348e-05
775,0.846927071218964,0.079127277205921,0.0739456515751154
776,0.457625044552261,0.115768226978599,0.42660672846914
779,0.949966111047221,0.0499704678817613,6.34210710174652e-05
781,0.647477301128135,0.255249712011772,0.0972729868600927
782,0.231009702288448,0.124350422220404,0.644639875491148
783,0.479129518349149,0.486407433378396,0.0344630482724549
785,0.878371327779104,0.121566044565898,6.26276549982158e-05
786,0.959202283268343,0.04073433855732,6.33781743367227e-05
790,0.272380267705363,0.28889609775738,0.438723634537257
791,0.796803415282253,0.172842958174167,0.0303536265435805
792,0.840533466379928,0.159402094874393,6.44387456792593e-05
793,0.808419204338457,0.160459734511364,0.0311210611501793
798,0.301149121883469,0.485969618216777,0.212881259899754
799,0.845087386292045,0.154849660913069,6.29527948867216e-05
800,0.646671295164816,0.353265556798902,6.31480362818497e-05
801,0.937269172621095,0.0619526373812135,0.000778189997691909
802,0.30564247506298,0.115652214634306,0.578705310302714
803,0.599927230913978,0.366090365219261,0.033982403866761
804,0.898870937510867,0.100062462180696,0.00106660030843688
805,0.103056773828389,0.747578970108607,0.149364256063004
806,0.455744737399931,0.223661720952712,0.320593541647357
807,0.487557281441763,0.362665910960633,0.149776807597604
808,0.952950787293601,0.0469858157081642,6.33969982347359e-05
814,0.746735421913753,0.170676040395512,0.0825885376907341
815,0.870355382401711,0.12958121744277,6.34001555185885e-05
816,0.462154066415263,0.489494823719818,0.0483511098649185
817,0.86880104408986,0.116950485956896,0.014248469953244
819,0.620011267972847,0.241877237933154,0.138111494093999
820,0.813122517624617,0.155975895888825,0.0309015864865583
823,0.580258229982336,0.383405574481716,0.0363361955359482
824,0.75172368999997,0.233624079531757,0.0146522304682732
825,0.874691163301496,0.0919470940172043,0.0333617426812999
826,0.9534056785306,0.0465309430847973,6.33783846025771e-05
828,0.378234972868442,0.489246060116746,0.132518967014812
829,0.976226582140722,0.0237282335014208,4.51843578570495e-05
830,0.976009081104398,0.0239457838072029,4.51350883989228e-05
832,0.646671295164816,0.353265556798902,6.31480362818497e-05
833,0.273845370816373,0.297210391450161,0.428944237733466
834,0.45537437956168,0.397776849891908,0.146848770546412
835,0.320000330198539,0.117803353999796,0.562196315801665
837,0.953439737692522,0.0464968785323235,6.33837751548089e-05
838,0.617194465335918,0.2466844482655,0.136121086398582
842,0.987105089779565,0.0128691685389091,2.57416815264242e-05
844,0.618602039497865,0.378474744714681,0.00292321578745367
846,0.269097616980535,0.297438319331785,0.43346406368768
847,0.292222204971712,0.646612805887417,0.0611649891408712
848,0.885211930775206,0.0874604284816242,0.0273276407431697
849,0.900547483393859,0.0985012129219762,0.000951303684164795
851,0.750024074056692,0.249911798228853,6.41277144557682e-05
852,0.924186529040852,0.075768962001607,4.45089575412131e-05
854,0.557859065579127,0.335881120689608,0.106259813731265
857,0.489578904480433,0.50421908816761,0.00620200735195708
860,0.447859025172475,0.517834336995964,0.0343066378315611
861,0.333435555240884,0.514411689644789,0.152152755114327
862,0.391141579085355,0.384663044690028,0.224195376224617
863,0.716019158376606,0.192091871847895,0.0918889697754995
864,0.881745769778601,0.0908952210753883,0.027359009146011
865,0.339985179780193,0.638724326966227,0.0212904932535799
867,0.480187870729527,0.51746349236982,0.00234863690065207
868,0.960967322215929,0.038969299651889,6.3378132181588e-05
872,0.301987338987963,0.215290368810732,0.482722292201305
875,0.349590182650296,0.380106790410914,0.27030302693879
876,0.953666085585666,0.0462704153359636,6.34990783702095e-05
877,0.229686660920807,0.603609338561753,0.166704000517439
879,0.90838178900067,0.0915549723626136,6.32386367165092e-05
880,0.694929296086432,0.18704997463059,0.118020729282978
882,0.607327494567996,0.386374193859057,0.00629831157294641
884,0.37579872833699,0.614000357019981,0.010200914643029
887,0.875939449843555,0.123997688275437,6.28618810079503e-05
889,0.986528387546294,0.0134423031958996,2.93092578063211e-05
890,0.359129103072871,0.47685429767208,0.16401659925505
891,0.958941006897262,0.0410146474322282,4.43456705100647e-05
894,0.702609865732009,0.21175396347407,0.0856361707939209
895,0.471743643474287,0.528140115600717,0.000116240924995356
898,0.950603698573001,0.0487284981772686,0.000667803249730308
899,0.975192863987864,0.0247629882258335,4.41477863023774e-05
904,0.544672570507336,0.419209544144943,0.0361178853477215
907,0.61590323147144,0.246754141731915,0.137342626796644
908,0.208917632692505,0.18717628104698,0.603906086260515
910,0.589399125742978,0.290943715352153,0.119657158904869
911,0.429536298864413,0.224086291681121,0.346377409454466
913,0.980698525644351,0.0192531655247273,4.83088309213289e-05
915,0.882007720566853,0.0896233391054961,0.0283689403276505
916,0.70337630801209,0.296561661486832,6.2030501077937e-05
919,0.90420467403562,0.0944113464472754,0.00138397951710425
921,0.82372559477305,0.146381237082206,0.0298931681447439
923,0.696050817449136,0.303886296784761,6.28857661031228e-05
925,0.646671295164816,0.353265556798902,6.31480362818497e-05
927,0.574907545207567,0.391055462203554,0.0340369925888784
930,0.918298788828209,0.0566877178599486,0.0250134933118427
931,0.948531042288142,0.050798041660501,0.000670916051356683
932,0.973244152826517,0.0267107001763569,4.51469971263686e-05
933,0.446185617115601,0.520972417526991,0.0328419653574084
934,0.719949412504536,0.279987962051825,6.26254436393466e-05
935,0.192844760081801,0.283192869859063,0.523962370059136
936,0.911042072731688,0.0880441876601836,0.000913739608128259
937,0.500933965817869,0.286514161706317,0.212551872475814
939,0.280579608189888,0.297341260576802,0.42207913123331
940,0.821708185444354,0.175120253405844,0.00317156114980197
941,0.512156543542242,0.479411733482829,0.0084317229749298
942,0.95306683839033,0.0468697587771695,6.34028325008487e-05
944,0.917623576279894,0.0823135187067542,6.29050133516255e-05
945,0.885854913293938,0.114031817687909,0.000113269018152613
947,0.320770781760988,0.190102361045452,0.48912685719356
950,0.95958424409146,0.0403713948190073,4.43610895330388e-05
951,0.584601037635914,0.396286852924152,0.019112109439934
953,0.399998970595592,0.595564928248085,0.00443610115632297
955,0.688216347407207,0.309802382999683,0.00198126959310974
956,0.455448072550891,0.40421459826926,0.140337329179849
960,0.463718855795515,0.30439638401571,0.231884760188776
962,0.896126846256614,0.103723593636536,0.00014956010685028
963,0.687010747889616,0.291392428041817,0.0215968240685663
964,0.819108384489153,0.150144978564601,0.0307466369462463
965,0.313403305393224,0.132866994408241,0.553729700198535
966,0.980825155014192,0.0191306645814437,4.41804043647666e-05
970,0.591058341681706,0.406827456109013,0.00211420220928054
973,0.94241397976344,0.0575224288380168,6.35913985433311e-05
974,0.822078207283777,0.177810013365607,0.000111779350615752
976,0.646671295164816,0.353265556798902,6.31480362818497e-05
977,0.401556185655875,0.469938010778435,0.12850580356569
979,0.656220070495619,0.2522140837233,0.0915658457810816
981,0.598331507052513,0.389399746113684,0.0122687468338031
982,0.850943846356422,0.134004942679688,0.01505121096389
983,0.930156559813349,0.0696728049822704,0.000170635204381004
985,0.825178688033569,0.144943953621856,0.0298773583445749
986,0.596629001582913,0.313344055062185,0.090026943354902
987,0.665837125311928,0.301937311141907,0.0322255635461644
990,0.814418533066919,0.185518881379757,6.25855533240731e-05
993,0.793034322676372,0.193285774235537,0.0136799030880908
994,0.805933168166091,0.118788469420256,0.0752783624136524
995,0.531556072194848,0.253431777573612,0.215012150231539
996,0.847555886497888,0.152380121651112,6.39918510003165e-05
997,0.292002360318876,0.603715692200698,0.104281947480426
1000,0.465682188879796,0.498029474332955,0.0362883367872482
1001,0.808478619107661,0.186382929583374,0.00513845130896459
1004,0.267998548802685,0.696915849836892,0.0350856013604231
1007,0.52005548414888,0.439106583876059,0.0408379319750617
1008,0.655688647973505,0.309901501318325,0.0344098507081705
1009,0.764065580786274,0.2311911773237,0.00474324189002597
1010,0.746017042762756,0.247427187985114,0.00655576925212999
1011,0.954101854673176,0.045022762801705,0.000875382525118882
1012,0.797563421738651,0.202374091559839,6.24867015104293e-05
1013,0.85784379319521,0.141046991430783,0.00110921537400636
1016,0.745544065597403,0.254392867291391,6.30671112059829e-05
1017,0.900587354317227,0.0986372680323733,0.000775377650399746
1018,0.277612584862296,0.307523344898112,0.414864070239592
1021,0.960967322215929,0.038969299651889,6.3378132181588e-05
1023,0.876076946167028,0.0835372005408465,0.0403858532921258
1024,0.946657187896775,0.0525786907945964,0.000764121308628998
1025,0.374572750684872,0.552248601755185,0.0731786475599425
1026,0.626311184051023,0.359271802552758,0.0144170133962184
1027,0.606025487400758,0.39391311735126,6.13952479819384e-05
1029,0.9527793328968,0.0471060526041323,0.000114614499067624
1032,0.806671874875974,0.193159230414137,0.000168894709889368
1033,0.811663966174631,0.188166929717188,0.000169104108181101
1034,0.39927948069499,0.586281430809006,0.0144390884960038
1036,0.618761481809043,0.355086556191517,0.0261519619994398
1037,0.953216697691361,0.0467199109481984,6.33913604407341e-05
1038,0.646671295164816,0.353265556798902,6.31480362818497e-05
1039,0.381903465932179,0.449145749637828,0.168950784429993
1041,0.269897379767887,0.265539872503303,0.46456274772881
1042,0.840533466379928,0.159402094874393,6.44387456792593e-05
1043,0.434620683387261,0.558498544566422,0.00688077204631714
1045,0.926314736232631,0.0621152057195175,0.0115700580478514
1049,0.781009706184175,0.218928097368004,6.21964478210689e-05
1052,0.731357771068211,0.170972214413048,0.0976700145187408
1053,0.517279883325422,0.446194105289331,0.0365260113852467
1055,0.951384388779985,0.0485528640737054,6.27471463097277e-05
1056,0.520507657615975,0.337836720003411,0.141655622380614
1057,0.644591863033189,0.344772713338504,0.0106354236283066
1058,0.624259283827818,0.375677656096128,6.30600760548492e-05
1059,0.883544666790494,0.116362924749611,9.24084598951571e-05
1060,0.532462877473478,0.423593254819354,0.0439438677071682
1061,0.309591263288083,0.164585749325469,0.525822987386448
1062,0.751444486726659,0.23621559024021,0.0123399230331309
1063,0.398831663558735,0.483522954401886,0.117645382039379
1066,0.755014257067472,0.24492399852983,6.17444026984101e-05
1067,0.963125907236025,0.036829752852764,4.43399112107808e-05
1068,0.465163400550618,0.500701210613336,0.0341353888360464
1073,0.28811795234493,0.12578854919634,0.58609349845873
1074,0.291738532708582,0.672953363091271,0.0353081042001466
1075,0.847868967675789,0.152068215549328,6.28167748831894e-05
1076,0.640390435839749,0.247657639431618,0.111951924728633
1078,0.879322445042213,0.0929348056021179,0.0277427493556691
1081,0.956700211406001,0.043169647695791,0.000130140898207718
1082,0.245626489214727,0.11722664411128,0.637146866673993
1083,0.980825155014192,0.0191306645814437,4.41804043647666e-05
1084,0.885011720261089,0.101543676351296,0.0134446033876154
1088,0.56400836890486,0.320262093731562,0.115729537363578
1089,0.880592263708444,0.119344302571568,6.34337199875547e-05
1091,0.384609889052988,0.586037071299922,0.0293530396470898
1092,0.820887966520186,0.165364379803683,0.0137476536761311
1093,0.5782212659981,0.420638484809332,0.00114024919256777
1095,0.74712504671952,0.240111465771933,0.0127634875085465
1096,0.478512277020799,0.26202785812038,0.259459864858821
1099,0.777358687373895,0.22249251462904,0.000148797997064389
1100,0.963725485685535,0.0362265077439221,4.800657054248e-05
1106,0.320554309993171,0.304153771228374,0.375291918778455
1109,0.59807140966508,0.379554182078716,0.0223744082562041
1113,0.962738447966544,0.0371182287899251,0.000143323243530924
1114,0.859428170239451,0.140507787151785,6.40426087636884e-05
1119,0.868620562358218,0.131314953772687,6.44838690945363e-05
