id,predict_0,predict_1,predict_2
2,0.79762897905733,0.193623566511617,0.00874745443105336
3,0.583106026895071,0.35946864773019,0.0574253253747393
4,0.850824008930205,0.141616918535829,0.00755907253396658
7,0.46001663940017,0.345786136319687,0.194197224280143
9,0.415947404050302,0.385366598156925,0.198685997792773
10,0.723082541815646,0.244994340781885,0.0319231174024691
11,0.78798144501578,0.203480920327571,0.00853763465664875
12,0.719155281392662,0.259165839175661,0.0216788794316775
14,0.608078433441724,0.378963717908248,0.0129578486500275
15,0.836595439926498,0.156341424569164,0.0070631355043379
16,0.583070342154735,0.36886589724587,0.0480637605993947
17,0.594109384472576,0.294783758301317,0.111106857226106
18,0.958400494243486,0.0399474590927073,0.0016520466638063
21,0.263194463700088,0.614163120955578,0.122642415344334
22,0.81428641001092,0.177686150298903,0.00802743969017688
25,0.640071251511002,0.318436067710133,0.0414926807788649
30,0.844337753562712,0.148964736429451,0.0066975100078372
32,0.787375163518394,0.203434162543365,0.00919067393824101
34,0.450034497261962,0.374964958241533,0.175000544496504
35,0.582704693209755,0.369189394084316,0.0481059127059294
36,0.809384500928362,0.182376175159476,0.00823932391216236
37,0.719155281392662,0.259165839175661,0.0216788794316775
39,0.589374727186485,0.36328828337849,0.0473369894350251
40,0.375775335037329,0.443833102242394,0.180391562720277
41,0.796649829036372,0.19456039293234,0.00878977803128821
42,0.353286664184735,0.570797812243208,0.0759155235720578
45,0.497719465359814,0.265152144384397,0.237128390255789
46,0.807721827125889,0.183966980157546,0.00831119271656471
47,0.572433878215669,0.302240801808245,0.125325319976086
48,0.365319188356774,0.240881328817869,0.393799482825357
50,0.388134420613476,0.511271685672776,0.100593893713748
51,0.353511293788298,0.569976665063842,0.0765120411478594
52,0.948164468942211,0.0495949486674579,0.00224058239033104
56,0.773660497371601,0.212648400112132,0.0136911025162664
58,0.64090281103372,0.339777224102896,0.019319964863384
62,0.847115061696118,0.146506342263034,0.00637859604084762
63,0.931704003759432,0.0653439129227351,0.00295208331783337
65,0.509810318551705,0.291603356052329,0.198586325395966
66,0.472209408999475,0.276572922755177,0.251217668245349
70,0.423542552909936,0.26010836872865,0.316349078361414
71,0.723082541815646,0.244994340781885,0.0319231174024691
72,0.478129628618566,0.379015684366148,0.142854687015287
73,0.90984330146303,0.0855882621634177,0.00456843637355194
74,0.818821150904515,0.173347422842106,0.00783142625337855
76,0.78862757155986,0.202277937082989,0.0090944913571514
77,0.460640286695499,0.394659031964747,0.144700681339754
78,0.189890312108907,0.116115914182985,0.693993773708108
82,0.558071940557142,0.379987573972986,0.0619404854698723
85,0.383659712243035,0.235615291103134,0.380724996653831
86,0.874893605404185,0.119698691058705,0.00540770353711018
87,0.589077751549095,0.352908816941966,0.0580134315089388
95,0.999893043011859,0.000102333789742575,4.62319839809616e-06
96,0.335101975422247,0.210729525705016,0.454168498872737
97,0.588124632230799,0.298811724893279,0.113063642875921
98,0.874893605404185,0.119698691058705,0.00540770353711018
100,0.589374727186485,0.36328828337849,0.0473369894350251
101,0.779881352926286,0.21060405439274,0.00951459268097433
102,0.836595439926498,0.156341424569164,0.0070631355043379
103,0.666157401365686,0.302970492332476,0.0308721063018383
106,0.585122062381474,0.300829417094027,0.1140485205245
108,0.789395464892888,0.201501188366847,0.00910334674026541
109,0.719155281392662,0.259165839175661,0.0216788794316775
110,0.719155281392662,0.259165839175661,0.0216788794316775
113,0.462574779052565,0.320205997742382,0.217219223205053
114,0.719155281392662,0.259165839175661,0.0216788794316775
116,0.602051355091426,0.352073020472094,0.0458756244364794
117,0.586189000815959,0.365417435118001,0.0483935640660401
118,0.542137589490551,0.405079911418546,0.0527824990909023
121,0.9291031096151,0.0672163233533919,0.00368056703150829
122,0.811614934170886,0.166667985899358,0.0217170799297568
123,0.823823066534309,0.153678623106735,0.0224983103589565
124,0.855427844123332,0.138323047977526,0.00624910789914213
126,0.680888632175278,0.305735908731047,0.0133754590936749
127,0.835008616691876,0.145971133251393,0.019020250056732
128,0.611451143832805,0.368860238946054,0.0196886172211412
133,0.582704693209755,0.369189394084316,0.0481059127059294
136,0.462819259560312,0.341800382748283,0.195380357691405
137,0.784232950926031,0.206723236694847,0.00904381237912218
140,0.696476639534739,0.268245222185109,0.0352781382801519
141,0.683078159065717,0.308582787094678,0.00833905383960512
143,0.535371159153141,0.337083875932133,0.127544964914726
144,0.906289604908996,0.0889835690572933,0.00472682603371024
145,0.114205563705654,0.0868089840448008,0.798985452249546
147,0.42986053327318,0.257806416523842,0.312333050202978
148,0.716706017156347,0.269794599414707,0.0134993834289453
150,0.55287749524475,0.402466435132058,0.0446560696231927
151,0.589753499292727,0.295345354566726,0.114901146140547
153,0.835422588623051,0.145604884113308,0.0189725272636409
155,0.910350916188212,0.0851063693824946,0.00454271442929377
156,0.719155281392662,0.259165839175661,0.0216788794316775
160,0.523130290616426,0.398809671027438,0.0780600383561357
163,0.497719465359814,0.265152144384397,0.237128390255789
164,0.61039448133592,0.369950925785918,0.0196545928781615
165,0.502988289531157,0.441763783360667,0.0552479271081761
166,0.94035096192245,0.0570825838561457,0.00256645422140429
167,0.384197925661161,0.452486648073858,0.163315426264982
168,0.809384500928362,0.182376175159476,0.00823932391216236
169,0.851540174989939,0.131345337341353,0.0171144876687084
170,0.353298033461218,0.24426099776471,0.402440968774072
171,0.78862757155986,0.202277937082989,0.0090944913571514
172,0.209615924433683,0.1449229545603,0.645461121006017
173,0.531156595047847,0.44617054254571,0.022672862406443
174,0.479467552133372,0.343908906635218,0.17662354123141
175,0.61279350521454,0.342569228240114,0.0446372665453463
176,0.494810435408597,0.283023662574667,0.222165902016736
180,0.719155281392662,0.259165839175661,0.0216788794316775
181,0.0745632457414667,0.0540530200506744,0.871383734207859
182,0.582948468863947,0.368578156425079,0.0484733747109744
185,0.763372722999907,0.222248911477419,0.0143783655226739
186,0.591291755870919,0.360583011489926,0.0481252326391553
187,0.541524890484772,0.332973985355361,0.125501124159867
189,0.441821160108549,0.490915489396716,0.0672633504947347
192,0.582948468863947,0.368578156425079,0.0484733747109744
194,0.916709581410959,0.0790699115826258,0.00422050700641518
195,0.719155281392662,0.259165839175661,0.0216788794316775
197,0.906677594843472,0.0885935555302345,0.00472884962629385
198,0.778811200270941,0.209758291500334,0.0114305082287246
201,0.999845595098138,0.000147730775118427,6.67412674342563e-06
202,0.698989490458593,0.264752234431126,0.0362582751102807
203,0.594139619030381,0.294747869453604,0.111112511516015
205,0.927784167688523,0.0699530451367112,0.00226278717476643
208,0.792412442575502,0.182818108539666,0.0247694488848326
209,0.789395464892888,0.201501188366847,0.00910334674026541
210,0.0247140020932304,0.97315574136851,0.00213025653825928
211,0.541587146700397,0.332897300947822,0.125515552351782
214,0.681222095386648,0.283219859364916,0.0355580452484361
215,0.00801659962555444,0.00309613177031955,0.988887268604126
216,0.490205956226282,0.451024852343275,0.0587691914304426
218,0.3509910415107,0.597847209352893,0.0511617491364075
219,0.570015656461035,0.310948473103268,0.119035870435697
220,0.582704693209755,0.369189394084316,0.0481059127059294
222,0.560909540724378,0.291818095454919,0.147272363820703
224,0.326498041458221,0.453201108604063,0.220300849937716
226,0.609526546446532,0.34545957114221,0.0450138824112579
228,0.541367973994025,0.317079075511904,0.141552950494071
229,0.337461939762825,0.236678404555485,0.42585965568169
230,0.793691293512425,0.197391046239961,0.00891766024761458
231,0.863983403178551,0.13003846144443,0.00597813537701923
232,0.836595439926498,0.156341424569164,0.0070631355043379
233,0.988585172716452,0.010921423232731,0.000493404050817493
235,0.938509566999592,0.0588325190455775,0.00265791395483045
236,0.95553258519734,0.042545318037811,0.00192209676484859
237,0.610531904781183,0.335779328433087,0.05368876678573
241,0.818821150904515,0.173347422842106,0.00783142625337855
244,0.719155281392662,0.259165839175661,0.0216788794316775
245,0.777103160243513,0.209144814069827,0.0137520256866602
246,0.582704693209755,0.369189394084316,0.0481059127059294
249,0.813274531434549,0.178970902046533,0.00775456651891797
250,0.394997492345796,0.514564911703,0.0904375959512048
252,0.583435899748909,0.368542481227286,0.048021619023805
253,0.0904981599510624,0.178894179860048,0.730607660188889
254,0.561680072806578,0.318320956508911,0.119998970684512
255,0.726070381304444,0.24356117602633,0.0303684426692259
258,0.541524890484772,0.332973985355361,0.125501124159867
261,0.356001024990264,0.434448888727656,0.20955008628208
264,0.117326147711376,0.261937929581015,0.620735922707609
267,0.517436053644154,0.317770781023249,0.164793165332597
268,0.582704693209755,0.369189394084316,0.0481059127059294
271,0.586350591860917,0.364778368282862,0.0488710398562211
273,0.999955593509782,4.27045191029477e-05,1.7019711150283e-06
276,0.888841305774024,0.106353877766446,0.00480481645952944
277,0.811478127470059,0.180373045284168,0.00814882724577289
278,0.799824007416841,0.193866047157307,0.0063099454258526
280,0.894054129281207,0.101366377706631,0.00457949301216132
281,0.82615761848112,0.166328072882008,0.00751430863687244
282,0.588124632230799,0.298811724893279,0.113063642875921
283,0.430895953456422,0.388225753636661,0.180878292906917
285,0.632276388071726,0.355771785937216,0.0119518259910578
286,0.69733100206665,0.267777236256548,0.0348917616768011
287,0.547062087306442,0.382323661571729,0.0706142511218296
288,0.741328455313787,0.228851820990069,0.0298197236961443
289,0.906677594843472,0.0885935555302345,0.00472884962629385
291,0.0522888967983646,0.0541509572071384,0.893560145994497
294,0.539691663403957,0.289930287339181,0.170378049256862
298,0.530891970590778,0.337344904073296,0.131763125335926
301,0.736302027776486,0.194062441580083,0.069635530643431
303,0.997478845514767,0.00241217799309285,0.000108976492140503
304,0.86059099466196,0.133383073780287,0.00602593155775224
305,0.569290593032404,0.383710912032074,0.0469984949355221
307,0.386264219486347,0.406716447361306,0.207019333152348
308,0.617333072516473,0.327162943429712,0.0555039840538159
309,0.239349724838706,0.219126990258577,0.541523284902717
310,0.522771486024138,0.328745860609032,0.14848265336683
311,0.633685640023394,0.321665315165172,0.0446490448114349
312,0.30145060037584,0.518375347595491,0.180174052028669
314,0.852939181451684,0.140704138610385,0.00635667993793058
316,0.546254047444854,0.329539368714919,0.124206583840227
318,0.836595439926498,0.156341424569164,0.0070631355043379
322,0.508114362242687,0.3232253986229,0.168660239134413
324,0.697462978396412,0.267409277284078,0.03512774431951
325,0.35363022271023,0.269083094812932,0.377286682476838
326,0.81336899731158,0.178563907983684,0.0080670947047366
328,0.719155281392662,0.259165839175661,0.0216788794316775
329,0.36636843526164,0.383464942835336,0.250166621903023
330,0.795901547356779,0.195316930723501,0.00878152191972103
331,0.940233669533028,0.0571829405634387,0.00258338990353378
332,0.99972028580053,0.00026762359873987,1.20906007302116e-05
333,0.353286664184735,0.570797812243208,0.0759155235720578
335,0.818821150904515,0.173347422842106,0.00783142625337855
336,0.495386678012651,0.45610482548198,0.048508496505369
337,0.583555587493962,0.367643794384184,0.0488006181218543
340,0.266038410549635,0.250597363898066,0.483364225552299
342,0.024851341417943,0.0188897951259385,0.956258863456119
344,0.986201848847587,0.0132356218486523,0.000562529303761035
346,0.714748967916819,0.252367218090115,0.0328838139930658
347,0.763637892164837,0.214209002553511,0.0221531052816517
349,0.844943050762897,0.148354637852045,0.00670231138505722
351,0.808671825567378,0.183096105370456,0.00823206906216631
352,0.913803968839587,0.0825214357762213,0.00367459538419189
353,0.999983550647495,1.58051091819687e-05,6.442433230258e-07
354,0.789395464892888,0.201501188366847,0.00910334674026541
356,0.678667764827394,0.309557370631218,0.0117748645413878
359,0.583435899748909,0.368542481227286,0.048021619023805
361,0.818821150904515,0.173347422842106,0.00783142625337855
362,0.789395464892888,0.201501188366847,0.00910334674026541
365,0.609193980761693,0.28007425873209,0.110731760506217
366,0.641397987968673,0.314893003993313,0.043709008038014
367,0.353286664184735,0.570797812243208,0.0759155235720578
368,0.796649829036372,0.19456039293234,0.00878977803128821
369,0.583190059896467,0.367966487999129,0.0488434521044043
370,0.789395464892888,0.201501188366847,0.00910334674026541
372,0.535371159153141,0.337083875932133,0.127544964914726
374,0.793843861950378,0.197554985179049,0.00860115287057262
375,0.315049037298834,0.476686481591338,0.208264481109828
376,0.404031466637546,0.248126109124349,0.347842424238105
378,0.542358098405326,0.302955540751369,0.154686360843306
380,0.904175516873564,0.0916824854450331,0.00414199768140322
382,0.809384500928362,0.182376175159476,0.00823932391216236
383,0.784154413214575,0.208288210344058,0.00755737644136675
384,0.783450328853953,0.207514884002571,0.00903478714347597
386,0.148190728276789,0.168726072042174,0.683083199681036
388,0.863185601339713,0.130900618553738,0.00591378010654929
389,0.582128191098731,0.302831141964102,0.115040666937167
390,0.818821150904515,0.173347422842106,0.00783142625337855
393,0.459230304236758,0.346904424923496,0.193865270839746
394,0.577290119342649,0.360777792373804,0.0619320882835475
395,0.490896267775172,0.314724281220362,0.194379451004466
396,0.380955686300391,0.217900565347513,0.401143748352097
398,0.50522786271151,0.434161562426151,0.0606105748623387
399,0.482548863093128,0.32621030987813,0.191240827028743
401,0.73269380294155,0.236491068366117,0.0308151286923324
402,0.758304090502124,0.220295688591691,0.0214002209061858
404,0.90564789171458,0.0895710813577793,0.00478102692764056
405,0.910448971074306,0.0856802002807009,0.00387082864499343
407,0.739568515146241,0.248134984366758,0.0122965004870007
410,0.827889969210308,0.164670602731035,0.00743942805865728
414,0.353497598704219,0.551675428901193,0.0948269723945879
416,0.472513049796525,0.341161420934302,0.186325529269173
418,0.918448930675521,0.0780260376307281,0.00352503169375046
419,0.44432707206539,0.293337802795336,0.262335125139275
422,0.786359689811522,0.204405742564593,0.00923456762388543
423,0.594109384472576,0.294783758301317,0.111106857226106
425,0.818821150904515,0.173347422842106,0.00783142625337855
426,0.812813400720876,0.180198456567876,0.00698814271124831
427,0.874665552419038,0.119916886490699,0.0054175610902625
428,0.281164423256242,0.673669470189876,0.0451661065538814
431,0.719155281392662,0.259165839175661,0.0216788794316775
433,0.760214011535277,0.227394421994647,0.0123915664700756
434,0.944214584599768,0.0533962454441457,0.0023891699560858
435,0.799576651709256,0.191760081692958,0.00866326659778569
436,0.827889969210308,0.164670602731035,0.00743942805865728
440,0.763372722999907,0.222248911477419,0.0143783655226739
441,0.120394046071934,0.073234046544254,0.806371907383812
442,0.489879963708347,0.462150759840925,0.047969276450728
443,0.800281307108311,0.189350423809049,0.01036826908264
445,0.464799863489026,0.435210015771207,0.0999901207397672
448,0.293136548870367,0.171929539387393,0.53493391174224
451,0.557427749028878,0.39754865607961,0.0450235948915115
454,0.582112973518282,0.302849366855709,0.115037659626009
456,0.915654921085169,0.0801294275370521,0.00421565137777919
457,0.481327969055742,0.31547817325923,0.203193857685029
458,0.534148590780608,0.240359188290165,0.225492220929227
459,0.830718400838994,0.161964429598985,0.00731716956202059
460,0.475770930790886,0.292183158094257,0.232045911114857
461,0.00353520004696961,0.972902077407252,0.0235627225457782
463,0.799576651709256,0.191760081692958,0.00866326659778569
464,0.557861889731758,0.319033003382156,0.123105106886085
467,0.123860819958657,0.111271476767263,0.764867703274079
468,0.809384500928362,0.182376175159476,0.00823932391216236
471,0.582704693209755,0.369189394084316,0.0481059127059294
473,0.429261365224812,0.239780892749138,0.33095774202605
475,0.793266046331216,0.185775732190912,0.0209582214778716
476,0.171464309257928,0.0993433391521067,0.729192351589965
478,0.503493357905868,0.294895923143283,0.201610718950848
481,0.474475733728145,0.464941690655137,0.0605825756167176
482,0.676022348966733,0.30220985258201,0.0217677984512565
483,0.789395464892888,0.201501188366847,0.00910334674026541
485,0.782058055518963,0.192817539807501,0.0251244046735355
490,0.932092936993985,0.0649852997365328,0.00292176326948261
493,0.844943050762897,0.148354637852045,0.00670231138505722
494,0.822061829424161,0.168921655731203,0.00901651484463595
508,0.582704693209755,0.369189394084316,0.0481059127059294
509,0.645374542085494,0.313744141867713,0.040881316046793
510,0.698847655740432,0.266435422817126,0.0347169214424422
511,0.905232387970124,0.0906712974295462,0.00409631460032968
512,0.789395464892888,0.201501188366847,0.00910334674026541
513,0.419269284668973,0.304314616462435,0.276416098868592
514,0.783450328853953,0.207514884002571,0.00903478714347597
516,0.881561716299941,0.113318808170745,0.00511947552931473
517,0.948295469538742,0.00261170269049103,0.0490928277707673
518,0.768762551213118,0.215770508823055,0.0154669399638277
520,0.355661778730643,0.396049176902465,0.248289044366891
521,0.802986069856797,0.188537226260165,0.00847670388303841
522,0.72349739941791,0.249037334958038,0.0274652656240527
523,0.58843886245624,0.35531691118831,0.0562442263554497
524,0.78982720165865,0.201404064192212,0.00876873414913729
525,0.359054763069722,0.564335384963332,0.0766098519669462
526,0.39085953190213,0.525151150029629,0.0839893180682413
527,0.5571832107859,0.317309379984888,0.125507409229212
528,0.627281529878272,0.199020527446827,0.173697942674902
529,0.621084326847653,0.335234174705163,0.043681498447184
530,0.47620527688717,0.32276342328935,0.20103129982348
531,0.987624647621756,0.0118404297865966,0.000534922591647059
534,0.683078159065717,0.308582787094678,0.00833905383960512
535,0.349388589257658,0.57499166510026,0.0756197456420821
536,0.874893605404185,0.119698691058705,0.00540770353711018
537,0.351878817962676,0.553056771890945,0.0950644101463789
538,0.731018933240192,0.246296692475551,0.0226843742842573
539,0.345444375845675,0.24713783839386,0.407417785760465
540,0.824114940057444,0.155608983978618,0.0202760759639378
542,0.742744230181377,0.244130120639989,0.0131256491786342
545,0.597319917882778,0.339408546493916,0.0632715356233057
546,0.586846171269894,0.363856111808776,0.0492977169213299
547,0.905232387970124,0.0906712974295462,0.00409631460032968
548,0.789395464892888,0.201501188366847,0.00910334674026541
551,0.894264335342899,0.101165257767731,0.00457040688936954
554,0.582332500697868,0.368321737883372,0.0493457614187605
556,0.617154127462544,0.331895943820939,0.0509499287165174
557,0.799576651709256,0.191760081692958,0.00866326659778569
559,0.901265144005523,0.0937317456900595,0.00500311030441759
560,0.489906062703531,0.363662985287595,0.146430952008874
562,0.8908386601574,0.104442858701091,0.0047184811415088
563,0.0672062149239234,0.00668245819001589,0.926111326886061
564,0.769168072115886,0.2042215625341,0.0266103653500139
565,0.58963740622631,0.358726931502023,0.0516356622716668
566,0.408617582446441,0.228249492382546,0.363132925171013
567,0.117075605814739,0.108681329408046,0.774243064777215
568,0.592392392230681,0.359759908886238,0.0478476988830813
571,0.385834033873038,0.521382243489305,0.0927837226376568
572,0.818821150904515,0.173347422842106,0.00783142625337855
573,0.832919629759242,0.160352321558795,0.0067280486819626
574,0.700011054511793,0.261482183802478,0.0385067616857283
577,0.814560852495726,0.177423570545819,0.00801557695845469
578,0.804221323663895,0.173209259042751,0.0225694172933536
579,0.978035100611052,0.0210154701890924,0.000949429199855262
582,0.535017711709141,0.278347644905418,0.186634643385441
584,0.587488721483608,0.361063780629364,0.0514474978870282
586,0.582704693209755,0.369189394084316,0.0481059127059294
587,0.378557638899079,0.522030276441059,0.0994120846598621
589,0.584499579755435,0.365194408903245,0.0503060113413195
590,0.594109384472576,0.294783758301317,0.111106857226106
591,0.908705307587123,0.0876184069577184,0.00367628545515876
592,0.331514410923896,0.172414059777517,0.496071529298586
593,0.572067122974378,0.297622925228133,0.130309951797489
595,0.399484063112308,0.403524943464192,0.196990993423499
596,0.716652152859778,0.236308246237613,0.0470396009026087
597,0.583679553433786,0.367932044894909,0.0483884016713055
598,0.830677346950236,0.162137553484255,0.00718509956550901
600,0.810595934003534,0.181217106081737,0.00818695991472842
602,0.595028468952668,0.294116260293545,0.110855270753786
606,0.41474339607454,0.278926448411197,0.306330155514262
607,0.712886390025213,0.254015077512562,0.0330985324622257
609,0.789395464892888,0.201501188366847,0.00910334674026541
610,0.353497598704219,0.551675428901193,0.0948269723945879
611,0.587080133878974,0.363246560360117,0.0496733057609085
612,0.789395464892888,0.201501188366847,0.00910334674026541
613,0.828148604785926,0.164423146636063,0.00742824857801114
614,0.826551912968583,0.166211564627672,0.00723652240374484
617,0.586624967692941,0.371282505413957,0.042092526893102
619,0.588459534747665,0.313164158800025,0.0983763064523106
620,0.000264178929143423,0.00039500927329969,0.999340811797557
621,0.843880045693973,0.131780429286065,0.0243395250199623
625,0.338725422967321,0.28280690784434,0.378467669188339
627,0.541524890484772,0.332973985355361,0.125501124159867
628,0.608218704039826,0.278035796430668,0.113745499529506
629,0.390725233102752,0.409959322026096,0.199315444871151
631,0.342048102679657,0.284695138170614,0.373256759149729
632,0.454325956204428,0.483537708908388,0.0621363348871835
633,0.887919950241157,0.107235407856417,0.00484464190242644
635,0.257827146094937,0.50496656684846,0.237206287056603
639,0.124792814369024,0.870848217223812,0.00435896840716408
641,0.267417470676386,0.722534824002664,0.0100477053209501
642,0.501706204359478,0.442388379990746,0.0559054156497765
643,0.0308878058173045,0.0277142004616089,0.941397993721086
644,0.827889969210308,0.164670602731035,0.00743942805865728
645,0.661236476516566,0.31747182747452,0.0212916960089139
647,0.522430109126953,0.28499014526157,0.192579745611478
648,0.797467228353189,0.194414762472927,0.00811800917388437
649,0.789395464892888,0.201501188366847,0.00910334674026541
650,0.583070342154735,0.36886589724587,0.0480637605993947
652,0.582704693209755,0.369189394084316,0.0481059127059294
653,0.46132875664373,0.396422679375368,0.142248563980902
654,0.582948468863947,0.368578156425079,0.0484733747109744
655,0.554105969668065,0.383502801144224,0.0623912291877108
658,0.192056157071747,0.103742392123427,0.704201450804826
659,0.906677594843472,0.0885935555302345,0.00472884962629385
661,0.596746710468036,0.355053891149372,0.048199398382593
664,0.31179010098967,0.240115338296254,0.448094560714076
666,0.763372722999907,0.222248911477419,0.0143783655226739
667,0.984164481439155,0.0151510308493246,0.000684487711520382
668,0.789395464892888,0.201501188366847,0.00910334674026541
669,0.809384500928362,0.182376175159476,0.00823932391216236
670,0.543417499570318,0.331599451434424,0.124983048995258
671,0.906677594843472,0.0885935555302345,0.00472884962629385
672,0.789395464892888,0.201501188366847,0.00910334674026541
673,0.494810435408597,0.283023662574667,0.222165902016736
674,0.719155281392662,0.259165839175661,0.0216788794316775
675,0.528754640472674,0.281637014409792,0.189608345117534
676,0.41299745834806,0.513927171765026,0.0730753698869137
677,0.719155281392662,0.259165839175661,0.0216788794316775
685,0.543176465808797,0.331774505587885,0.125049028603318
686,0.672379887434312,0.289851979832497,0.0377681327331912
688,0.998295657846183,0.00163067224171182,7.36699121049503e-05
689,0.467745547398193,0.334794449649377,0.197460002952431
690,0.582948468863947,0.368578156425079,0.0484733747109744
692,0.523999982888395,0.331809321097995,0.144190696013609
694,0.501964030864307,0.441698133999171,0.0563378351365218
695,0.616050348239671,0.339687834935395,0.0442618168249337
696,0.454769616729585,0.266358441153579,0.278871942116836
697,0.480143642071751,0.31716246696884,0.20269389095941
699,0.507981926974991,0.338453111349301,0.153564961675708
700,0.582458730655863,0.368612117160874,0.0489291521832631
701,0.654732353520576,0.302552270724767,0.0427153757546575
704,0.784154413214575,0.208288210344058,0.00755737644136675
705,0.733754998321,0.235552207869081,0.0306927938099193
706,0.619552709763674,0.332575851443229,0.0478714387930971
707,0.809384500928362,0.182376175159476,0.00823932391216236
708,0.446791114905763,0.323891601717569,0.229317283376668
709,0.579710369568492,0.372430917848348,0.0478587125831598
710,0.509810318551705,0.291603356052329,0.198586325395966
711,0.705398264443766,0.244645263974591,0.0499564715816436
712,0.758304090502124,0.220295688591691,0.0214002209061858
713,0.800578906627385,0.190801149080483,0.00861994429213246
717,0.90564789171458,0.0895710813577793,0.00478102692764056
718,0.764470098778425,0.232789952478217,0.00273994874335783
719,0.309281665525066,0.212933038920332,0.477785295554603
723,0.716706017156347,0.269794599414707,0.0134993834289453
724,0.999989081652158,1.04464040340012e-05,4.71943807781865e-07
725,0.541524890484772,0.332973985355361,0.125501124159867
726,0.758304090502124,0.220295688591691,0.0214002209061858
728,0.582704693209755,0.369189394084316,0.0481059127059294
729,0.342833045628704,0.563355271283722,0.0938116830875744
730,0.6221437469704,0.347111484994082,0.030744768035518
735,0.822651612050169,0.169682532755814,0.00766585519401715
736,0.281553588077728,0.51935577430913,0.199090637613143
737,0.000434426237992188,0.000366662121344703,0.999198911640663
738,0.719155281392662,0.259165839175661,0.0216788794316775
739,0.594230309846893,0.294640218171788,0.111129471981319
743,0.583070342154735,0.36886589724587,0.0480637605993947
744,0.719155281392662,0.259165839175661,0.0216788794316775
746,0.587100912422043,0.364430239511927,0.0484688480660301
749,0.856762736560694,0.130752362800819,0.0124849006384874
750,0.584134290256179,0.365515471593581,0.0503502381502397
751,0.536143799399205,0.306665686319566,0.157190514281229
753,0.589374727186485,0.36328828337849,0.0473369894350251
754,0.582948468863947,0.368578156425079,0.0484733747109744
756,0.799576651709256,0.191760081692958,0.00866326659778569
757,0.697462978396412,0.267409277284078,0.03512774431951
758,0.603278137711388,0.332702005541766,0.0640198567468462
759,0.508056851896844,0.285526239040565,0.206416909062591
760,0.584160294847315,0.366709890376103,0.0491298147765824
761,0.370279546704378,0.56480814548133,0.0649123078142924
762,0.583070342154735,0.36886589724587,0.0480637605993947
763,0.799576651709256,0.191760081692958,0.00866326659778569
764,0.836937629762885,0.144264497314495,0.0187978729226196
765,0.375363861692858,0.571154763559818,0.0534813747473242
767,0.826767873883013,0.165744195670502,0.0074879304464848
770,0.583536141006332,0.366450435231399,0.0500134237622695
771,0.245363432458364,0.130507613488419,0.624128954053217
773,0.455677660429967,0.349922988439789,0.194399351130244
774,0.844943050762897,0.148354637852045,0.00670231138505722
775,0.95791232150092,0.0364092057516843,0.0056784727473958
776,0.701960139789012,0.26053769554284,0.0375021646681483
779,0.940233669533028,0.0571829405634387,0.00258338990353378
781,0.576076080767342,0.306895387411852,0.117028531820807
782,0.00487000106679564,0.0124104781180586,0.982719520815146
783,0.582582789552883,0.368901333289932,0.0485158771571852
785,0.820619847827288,0.171626474300964,0.00775367787174792
786,0.960541310075858,0.0377530944766685,0.00170559544747409
790,0.503493357905868,0.294895923143283,0.201610718950848
791,0.651388467446058,0.298451791966275,0.0501597405876675
792,0.809384500928362,0.182376175159476,0.00823932391216236
793,0.61279350521454,0.342569228240114,0.0446372665453463
798,0.486156619524953,0.336115940957024,0.177727439518023
799,0.797467228353189,0.194414762472927,0.00811800917388437
800,0.789395464892888,0.201501188366847,0.00910334674026541
801,0.612055473699838,0.384546879039852,0.00339764726030954
802,0.227702883683513,0.189555492723616,0.582741623592871
803,0.588014645617419,0.352343454646431,0.0596418997361501
804,0.734828714388925,0.251405086752081,0.0137661988589933
805,0.08487410094908,0.776868757505604,0.138257141545316
806,0.480047406048798,0.263822312160619,0.256130281790583
807,0.475418097056276,0.333446528778873,0.191135374164851
808,0.915405236499124,0.0809381686219123,0.00365659487896384
814,0.608758879562636,0.331256543969363,0.0599845764680012
815,0.818821150904515,0.173347422842106,0.00783142625337855
816,0.583170608532138,0.366772070665943,0.0500573208019187
817,0.697841096971608,0.267012114755234,0.0351467882731582
819,0.551710631153597,0.323136767004622,0.12515260184178
820,0.616050348239671,0.339687834935395,0.0442618168249337
823,0.608949553880656,0.371235067884163,0.019815378235182
824,0.835146699845551,0.145692608503324,0.0191606916511247
825,0.82080007688549,0.170085650800225,0.00911427231428489
826,0.910448971074306,0.0856802002807009,0.00387082864499343
828,0.539226651475664,0.290688218413702,0.170085130110634
829,0.996942161508629,0.00292627220367404,0.000131566287696851
830,0.99956776532393,0.000413551402571879,1.86832734985216e-05
832,0.789395464892888,0.201501188366847,0.00910334674026541
833,0.491337051131942,0.268028613068426,0.240634335799632
834,0.456619609600081,0.348579188743812,0.194801201656108
835,0.677776597572297,0.181629070487389,0.140594331940314
837,0.905232387970124,0.0906712974295462,0.00409631460032968
838,0.557831162395125,0.319070511415105,0.123098326189769
842,0.999839231726593,0.000153819090964245,6.94918244239166e-06
844,0.790417261611209,0.199447498050411,0.0101352403383802
846,0.522430109126953,0.28499014526157,0.192579745611478
847,0.26219562178307,0.618573762847282,0.119230615369648
848,0.660445582668615,0.300410494806354,0.0391439225250308
849,0.828602778688331,0.165116559607651,0.00628066170401825
851,0.809384500928362,0.182376175159476,0.00823932391216236
852,0.825286374531679,0.167161657453586,0.00755196801473476
854,0.46132875664373,0.396422679375368,0.142248563980902
857,0.494129008077488,0.485399097167234,0.0204718947552773
860,0.582698242215596,0.367999207277924,0.0493025505064801
861,0.473195740405594,0.438725052164369,0.0880792074300372
862,0.581096081711689,0.365654677537669,0.053249240750642
863,0.606750952731811,0.285562145571126,0.107686901697063
864,0.690874616744093,0.27348932778124,0.0356360554746676
865,0.359823998999178,0.599952258033871,0.0402237429669509
867,0.764472701958888,0.212899646423906,0.0226276516172063
868,0.9809345071604,0.0182413900157712,0.000824102823828818
872,0.429261365224812,0.239780892749138,0.33095774202605
875,0.286697861309066,0.468526395704262,0.244775742986671
876,0.952806107933897,0.0451539437654561,0.00203994830064746
877,0.349819245896309,0.543984409499726,0.106196344603965
879,0.86059099466196,0.133383073780287,0.00602593155775224
880,0.609763133318682,0.265905693242662,0.124331173438656
882,0.494129008077488,0.485399097167234,0.0204718947552773
884,0.577553165973413,0.368499136134913,0.0539476978916744
887,0.837668621518674,0.155314631076579,0.00701674740474695
889,0.999995531361707,4.28952433380094e-06,1.79113959508324e-07
890,0.393204112050583,0.400786029337063,0.206009858612354
891,0.863185557011918,0.130900660965471,0.005913782022611
894,0.591120474965511,0.296796451817892,0.112083073216597
895,0.683078159065717,0.308582787094678,0.00833905383960512
898,0.909976681830823,0.0854824711953718,0.00454084697380489
899,0.987676459282504,0.0117908576764492,0.000532683041047004
904,0.588835381716417,0.3625525789417,0.0486120393418832
907,0.563933431316027,0.315007295243596,0.121059273440376
908,0.17969068215707,0.291386230922591,0.528923086920339
910,0.546462377519674,0.32171493901107,0.131822683469256
911,0.514226366798202,0.268691631094036,0.217082002107762
913,0.962585252397353,0.0357975012292332,0.00161724637341347
915,0.703422869501507,0.262387640901605,0.0341894895968886
916,0.78982720165865,0.201404064192212,0.00876873414913729
919,0.865722233610512,0.125399560945788,0.00887820544370062
921,0.739572014381008,0.230405778950213,0.0300222066687789
923,0.795642933290449,0.195523765773584,0.00883330093596721
925,0.789395464892888,0.201501188366847,0.00910334674026541
927,0.584766707975509,0.362505986571574,0.0527273054529176
930,0.782263799892527,0.192635513699428,0.0251006864080449
931,0.906289604908996,0.0889835690572933,0.00472682603371024
932,0.964842509944508,0.0336378132720367,0.00151967678345481
933,0.602466729690235,0.350948735297334,0.0465845350124308
934,0.793843861950378,0.197554985179049,0.00860115287057262
935,0.256178700760915,0.445368094238344,0.298453205000741
936,0.839533697163106,0.155805876635882,0.00466042620101237
937,0.436623234358312,0.401650091198495,0.161726674443194
939,0.50116115531031,0.279943360774061,0.218895483915629
940,0.784154413214575,0.208288210344058,0.00755737644136675
941,0.627755054067764,0.336326375374213,0.0359185705580227
942,0.915405236499124,0.0809381686219123,0.00365659487896384
944,0.836015200784506,0.156896582968716,0.00708821624677842
945,0.87218317760038,0.122291961061991,0.00552486133762926
947,0.455332334172175,0.248387728408058,0.296279937419767
950,0.854902832848517,0.138825365725468,0.00627180142601591
951,0.608949553880656,0.371235067884163,0.019815378235182
953,0.683519728426537,0.303672755595622,0.0128075159778404
955,0.763372722999907,0.222248911477419,0.0143783655226739
956,0.582704693209755,0.369189394084316,0.0481059127059294
960,0.403456155686924,0.422621048553694,0.173922795759382
962,0.802759525758236,0.188714786856523,0.00852568738524061
963,0.704146589018752,0.245684689163939,0.0501687218173086
964,0.648339474083254,0.311121008010364,0.0405395179063817
965,0.285061410196777,0.206903669990431,0.508034919812792
966,0.998944227596029,0.00101013681370559,4.56355902652427e-05
970,0.716706017156347,0.269794599414707,0.0134993834289453
973,0.887919950241157,0.107235407856417,0.00484464190242644
974,0.831644206083191,0.161078642135733,0.0072771517810759
976,0.789395464892888,0.201501188366847,0.00910334674026541
977,0.360415988015267,0.45038365036093,0.189200361623803
979,0.582112973518282,0.302849366855709,0.115037659626009
981,0.599151385391594,0.337266688686212,0.0635819259221935
982,0.835422588623051,0.145604884113308,0.0189725272636409
983,0.90056411525289,0.0951377848186461,0.0042980999284637
985,0.742211097577133,0.228070929958956,0.0297179724639109
986,0.541524890484772,0.332973985355361,0.125501124159867
987,0.552214540331429,0.377974489971421,0.06981096969715
990,0.804669912699204,0.186886976080038,0.00844311122075841
993,0.622035892185177,0.334392306069989,0.0435718017448343
994,0.84596006154535,0.105786603714179,0.0482533347404711
995,0.502309116734457,0.355610923946632,0.142079959318911
996,0.809384500928362,0.182376175159476,0.00823932391216236
997,0.353222020349932,0.592533437339939,0.0542445423101297
1000,0.587311854634792,0.362636588236124,0.0500515571290845
1001,0.758304090502124,0.220295688591691,0.0214002209061858
1004,0.35490837498851,0.56936646866697,0.0757251563445197
1007,0.582704693209755,0.369189394084316,0.0481059127059294
1008,0.58650039497219,0.355739996208415,0.0577596088193953
1009,0.676022348966733,0.30220985258201,0.0217677984512565
1010,0.611451143832805,0.368860238946054,0.0196886172211412
1011,0.909357691904941,0.0860492648270165,0.00459304326804254
1012,0.806566254996366,0.185072602869916,0.00836114213371799
1013,0.827432185964919,0.161157939212397,0.0114098748226848
1016,0.799576651709256,0.191760081692958,0.00866326659778569
1017,0.877177158989913,0.11795344812151,0.00486939288857629
1018,0.454769616729585,0.266358441153579,0.278871942116836
1021,0.974138532849174,0.0247436094438863,0.00111785770693978
1023,0.815085945081308,0.153797999381002,0.03111605553769
1024,0.90984330146303,0.0855882621634177,0.00456843637355194
1025,0.402192450829694,0.515955346012284,0.0818522031580222
1026,0.705280236836111,0.260744391361778,0.0339753718021101
1027,0.79009003463389,0.201192564349951,0.00871740101615919
1029,0.898946411008031,0.0966855640609092,0.00436802493105999
1032,0.793691293512425,0.197391046239961,0.00891766024761458
1033,0.779881352926286,0.21060405439274,0.00951459268097433
1034,0.471011820029895,0.505265655193925,0.0237225247761801
1036,0.5011841492722,0.443766089285891,0.0550497614419084
1037,0.928812537977386,0.0681103955671283,0.00307706645548608
1038,0.789395464892888,0.201501188366847,0.00910334674026541
1039,0.484805723946718,0.355922646472288,0.159271629580994
1041,0.429428187230675,0.27652224595058,0.294049566818745
1042,0.809384500928362,0.182376175159476,0.00823932391216236
1043,0.311741172130363,0.664730361887306,0.0235284659823311
1045,0.816861786403068,0.162025992172304,0.0211122214246283
1049,0.806566254996366,0.185072602869916,0.00836114213371799
1052,0.63122387934929,0.258834218472411,0.109941902178299
1053,0.583435899748909,0.368542481227286,0.048021619023805
1055,0.944612815679183,0.0532346338432365,0.00215255047758046
1056,0.412629631670602,0.42681143854164,0.160558929787757
1057,0.509018766807592,0.456446567501292,0.0345346656911163
1058,0.783450328853953,0.207514884002571,0.00903478714347597
1059,0.813157282815757,0.178766471154894,0.00807624602934806
1060,0.584122691309274,0.367654331383142,0.0482229773075836
1061,0.302098493057898,0.199195357815682,0.49870614912642
1062,0.696158620330518,0.26852627841737,0.0353151012521124
1063,0.489299155690554,0.422073528865722,0.0886273154437243
1066,0.79762897905733,0.193623566511617,0.00874745443105336
1067,0.885670970779432,0.109387175547078,0.00494185367349014
1068,0.582458730655863,0.368612117160874,0.0489291521832631
1073,0.0334023793411461,0.0448375471094663,0.921760073549388
1074,0.353286664184735,0.570797812243208,0.0759155235720578
1075,0.844943050762897,0.148354637852045,0.00670231138505722
1076,0.541524890484772,0.332973985355361,0.125501124159867
1078,0.817280608447952,0.161655452042894,0.0210639395091534
1081,0.829008745735116,0.163600185139357,0.00739106912552692
1082,0.0539952625642046,0.0914839317417122,0.854520805694083
1083,0.999453701496335,0.00052268483978984,2.36136638748969e-05
1084,0.697462978396412,0.267409277284078,0.03512774431951
1088,0.362274305947414,0.468354327528312,0.169371366524274
1089,0.827889969210308,0.164670602731035,0.00743942805865728
1091,0.29347987415477,0.660266772501417,0.0462533533438125
1092,0.733754998321,0.235552207869081,0.0306927938099193
1093,0.680888632175278,0.305735908731047,0.0133754590936749
1095,0.695840413434539,0.268807500526211,0.0353520860392499
1096,0.538680568251363,0.223723953273584,0.237595478475053
1099,0.793691293512425,0.197391046239961,0.00891766024761458
1100,0.917454936797484,0.0789934866349822,0.0035515765675342
1106,0.467211398603032,0.296854705868272,0.235933895528696
1109,0.601852497385863,0.352343933387295,0.0458035692268425
1113,0.833007253130914,0.159774512574722,0.0072182342943636
1114,0.867376604929532,0.126917152637974,0.00570624243249408
1119,0.818821150904515,0.173347422842106,0.00783142625337855
1121,0.807807359277618,0.169635829648526,0.0225568110738567
1122,0.697462978396412,0.267409277284078,0.03512774431951
1123,0.699764407016557,0.264991937140824,0.035243655842619
1124,0.793843861950378,0.197554985179049,0.00860115287057262
